53051 0.238418551949
223236 0.238418551949
635575 0.22392878284
552600 0.216820918866
893884 0.212957969647
276233 0.211657452305
240041 0.209095389621
569212 0.207513984467
862566 0.20591136684
203402 0.204779344694
748615 0.200193437202
1 0.183634807319
436135 0.183634807319
164684 0.162037174236
449352 0.160736656895
184896 0.160736656895
284930 0.160736656895
604413 0.160736656895
648208 0.160736656895
184984 0.160736656895
539143 0.160736656895
208814 0.153858549283
774614 0.149995600064
619841 0.144551614884
573555 0.135276074592
303045 0.131132606754
789543 0.128229471786
838771 0.120223054728
363925 0.117488414955
792151 0.10437150711
384341 0.0986254216454
408707 0.0986254216454
773119 0.0986254216454
792266 0.0974933994992
824625 0.0934619550844
532018 0.0718643220014
435399 0.0144897691089
894228 0.0144897691089
860525 0.0144897691089
69209 0.0144897691089
599243 0.0144897691089
460573 0.0144897691089
505620 0.0144897691089
426314 0.0144897691089
713628 0.0144897691089
448933 0.0144897691089
33023 0.0144897691089
734138 0.0144897691089
597621 1.27348843735e-05
858904 1.16125757589e-05
472889 1.16125757589e-05
2 1.16125757589e-05
357310 1.16125757589e-05
423174 1.16125757589e-05
581609 1.16025970597e-05
462435 1.15924393229e-05
565424 1.15924393229e-05
644135 1.15387885099e-05
430119 1.14798503623e-05
30957 1.14798503623e-05
779195 2.51006802224e-06
912247 2.51006802224e-06
488515 2.51006802224e-06
531596 2.51006802224e-06
494042 2.51006802224e-06
528391 2.51006802224e-06
863279 1.19609586354e-06
396205 1.19609586354e-06
10245 1.19609586354e-06
738649 1.19609586354e-06
747569 1.19609586354e-06
136144 1.19609586354e-06
907005 1.19609586354e-06
385050 1.14244505057e-06
433724 1.14244505057e-06
828769 1.14244505057e-06
723893 1.14244505057e-06
908276 1.13228731376e-06
226374 3.30707887723e-10
877041 3.08368265807e-10
514170 3.05870526296e-10
358176 3.00710632617e-10
487767 2.99729841841e-10
43343 2.98920461923e-10
19576 2.95213279784e-10
75039 1.01318850491e-10
57818 8.56871372272e-11
803181 7.53688500479e-11
174836 5.71018335734e-11
749880 5.64495017353e-11
9925 5.64495017353e-11
231693 5.64495017353e-11
415477 5.32177219728e-11
599294 5.32177219728e-11
694921 5.25852715164e-11
158986 5.20212140234e-11
7 5.19329396782e-11
577373 5.02310433299e-11
280521 4.85855065222e-11
206575 4.7604715746e-11
