748615 0.461334321017
203402 0.405987554036
862566 0.392325314651
569212 0.372983514902
276233 0.322976498982
893884 0.307280711309
552600 0.260659240921
1 0.17902244203
635575 0.174875283905
430119 1.19036966566e-05
30957 1.19036966566e-05
644135 1.13446824593e-05
462435 1.0835817363e-05
565424 1.0835817363e-05
581609 1.0739473665e-05
2 1.06448280958e-05
423174 1.06448280958e-05
472889 1.06448280958e-05
858904 1.06448280958e-05
357310 1.06448280958e-05
7 2.14604220723e-10
694921 2.09816105562e-10
19576 2.04523191248e-10
86833 1.87790775407e-10
747035 1.86094844734e-10
230497 1.85245948919e-10
43343 1.77312477359e-10
57818 1.77275845423e-10
75039 1.77275845423e-10
487767 1.71371629424e-10
358176 1.64172625925e-10
877041 1.63972806686e-10
514170 1.51932107841e-10
174836 5.60072021449e-11
507854 2.56330973232e-11
11 4.89937074579e-18
75364 4.6047186982e-18
280605 4.5716230332e-18
400675 4.52986912013e-18
105322 4.41094817947e-18
360442 4.09710007822e-18
216203 4.02246540091e-18
42021 3.97181274576e-18
160306 3.59015815533e-18
579432 5.99810287438e-19
49988 8.02771103171e-22
10 7.9393570043e-22
85506 7.72575217054e-22
332640 7.56066298439e-22
134964 7.56066298439e-22
826668 7.56066298439e-22
194746 7.56066298439e-22
181848 6.65409228604e-22
310676 6.51175979986e-22
393685 6.33773457611e-22
556796 6.03480188243e-22
129774 2.1992154402e-23
62391 4.12885343592e-26
4 4.0181034761e-26
44695 4.0181034761e-26
795253 4.0181034761e-26
746182 4.0181034761e-26
79146 3.95273000898e-26
670449 2.43717887334e-26
173976 1.98453757739e-27
39733 2.86604625291e-30
5 2.24097074877e-30
300279 2.1256177035e-30
579655 2.03106875447e-30
608321 1.97542649505e-30
535142 1.91061945252e-30
219773 1.91061945252e-30
581741 1.67337248346e-30
226374 5.56453838339e-32
223236 7.3572783704e-35
11342 5.78629614567e-36
824020 4.946558137e-36
867923 4.45557365855e-36
891835 3.5070702855e-36
0 2.02163712583e-36
597621 1.74505480173e-36
846855 3.80415708271e-46
8 3.43020630162e-47
780043 3.54863801495e-53
704303 9.50905942055e-61
743269 9.50905942055e-61
721062 3.74407018433e-64
6 8.00513130871e-66
188708 6.25021765601e-66
9 2.54808212848e-68
504263 3.2933189623e-94
668992 3.2933189623e-94
119755 3.2933189623e-94
55948 3.2933189623e-94
435399 0.0
61510 0.0
882714 0.0
164684 0.0
139972 0.0
836461 0.0
